249527087
249527704
249528821
249534143
249540393
249324715
249326801
249329063
249331076
249334960
249363572
249368700
249372722
249372793
249374432
257494930
257495482
257496957
257498397
257499315
257500462
257500474
257503133
257504596
257505309
254912974
249178904
249181615
249190101
249190917
249032065
249034179
249036648
249037179
249043369
257989677
257989683
257990553
257992329
257994288
257994518
257995309
257996064
257996205
257996553
257997059
258000725
258000806
258005731
258006659
257517387
257518869
257521078
257521217
257522611
257523917
257525601
257526935
257528074
257530961
257531296
257532352
256781272
256782058
256784506
256791325
256795229
256795411
256797584
253358286
253358681
253360590
253363071
253366538
253378526
253379985
253380522
253380628
253380681
253381053
253381804
248930696
248931581
248932850
248940257
248941632
248943207
257839374
257841580
257842168
257843175
257845156
257845965
257847740
257849451
257855998
257858383
257858730
250632120
250632366
250632427
250632521
250632842
250637085
250640185
250642115
250643580
250645003
250645974
250647706
250648718
250650391
250651308
250651354
250651391
250651704
250651901
250653158
250654189
250654383
250654708
250655686
250656868
250657141
250657369
250657817
253416983
253418191
253420945
253422425
253423874
253426624
253427609
253428371
253429535
253430197
253433403
253433827
253435504
253437296
253438045
253441107
253441872
253443278
253444666
251701163
251701847
251703138
251703522
251704249
251704303
251707907
251708892
251709619
251710311
251712188
251713025
251714905
251717714
251721474
251723394
251723527
251724019
251724215
251724728
256074902
256075406
256076779
256077101
256080195
256080546
256081814
256083143
256083540
256084659
256085865
256088936
256090383
256095367
256095610
256096890
255745666
254859064
254873069
254876443
254883401
254884774
256384536
256385028
256386050
256386870
256391702
256391999
256392624
256393034
256394432
256396309
256397747
256398049
256404644
256404792
256404972
251646971
251647831
251648825
251649554
251650074
251650804
251652027
251653831
251654294
251654519
251654811
251655639
251656574
251657312
251657358
251657708
251660039
251660698
251661779
251663045
251665849
251666627
251670150
251670724
251671161
251815160
251816712
251817287
251817366
251818089
251818450
251819307
251821258
251823995
251824197
251826938
251828705
251829417
251829838
251829943
251830648
251830764
251833121
251834291
251834619
255966426
255967352
255970406
255981959
255982845
255983216
255983333
255988139
251480838
251481137
251483844
251483992
251484032
251491622
251492813
251494398
251496781
251497670
251498970
251499440
251499614
251500375
251503741
251504203
251504612
251505860
251506403
251506446
251506805
250121427
250121996
250130303
250134748
250134932
250135435
252566678
252567058
252567329
252568735
252569064
252571479
252571567
252573500
252573625
252575239
252575906
252582703
252583771
252584182
252587587
252587898
252588007
252588346
252590822
252590867
252595231
252603097
252606298
252607287
252607677
252608819
252611550
252612165
252612906
252614508
252614635
252616718
252618410
252618694
252620090
252620591
251836684
251838744
251839542
251839560
251839671
251839690
251844048
251844544
251845337
251846882
251848989
251849963
251853012
251853373
251853423
251854305
251858197
251859545
251859969
251860010
251861670
252180576
252185556
252186354
252190731
252191102
252192161
252194082
252196201
252197882
252200398
252200732
252203232
252203722
252203805
252203806
255524900
255530034
255533708
255534871
255535476
255535623
255538346
255542768
255544189
255545285
255547012
255547838
255548630
255549009
254487891
254487962
254494370
254494862
254495727
254496450
254502302
254502979
254509321
251429542
251429923
251433346
251434890
251435724
251436377
251436532
251436697
251437578
251437782
251438264
251439723
251439917
251440588
251444576
251444620
251444854
251444891
251448275
251448811
251450123
251450484
251452172
251452173
253661293
253661827
253661990
253662016
253662085
253664363
253668444
253668615
253671770
253673140
253673404
253676206
253677361
253678714
253686905
255252763
255254458
255254551
255255253
255255326
255255443
255256299
255259028
255259639
255260746
255266018
255267980
255269023
255270260
255272049
255277165
255278295
255279255
255281590
255282092
255282182
255283131
257267486
257267548
257267917
257272677
257278803
257283930
257285276
257285858
256677865
248752160
248753176
248753676
248756537
248761827
253171885
253172494
253175138
253179704
253179815
253180339
253180805
253192974
253193973
253194060
253194182
253194845
253195042
253195188
253195698
253195725
254678929
254680572
254687077
254693775
254694434
254697993
249816760
249820269
249820448
249821190
249822962
249826008
249826218
249828114
249831304
250165327
250165375
250167252
250172116
250177513
250179557
250182467
250182829
250183752
253050832
253053169
253053321
253054927
253058767
253058795
253059282
253059936
253060038
253061031
253065954
253068009
253070626
253071527
253072082
253072516
253075343
253075832
255163148
255166037
255166979
255168878
255171742
255172080
255172973
255173675
255174359
255175313
255176337
255178237
255178422
255178534
255182833
255183581
255185197
255185899
255190159
255191501
255192842
255194019
254640450
254641152
254642912
254644026
254648170
254648192
254649344
254649862
254655626
254657966
254662646
254662979
254666021
254666329
254666700
251892589
251893704
251895924
251896482
251896986
251898647
251900154
251903808
251904367
251904876
251908960
251909946
251910540
251911509
251914814
251916088
251916891
251918544
251919518
249659495
249660142
249661166
249664517
257311104
257312444
257320505
257323999
257325152
257325833
257327683
257328760
257330975
249115311
249117489
249120063
249122825
249123238
249124428
249124775
252744820
252747318
252750522
252754194
252759510
252765471
252767765
252768121
252768250
252768834
252769549
252771061
252771981
249802824
249804993
249806574
249806655
249810842
249812829
249738245
249739206
249742343
249744432
249744537
249748467
249749906
249754540
249754677
251242154
251243506
251246775
251251134
251253063
251253606
251254974
249979201
249984676
249992037
249992713
249996501
249493915
249496370
249496552
249498405
249498696
249500236
249502753
249506996
249507046
249507229
257358993
257368206
257370581
257374169
248979393
248980288
248980958
248981214
248995082
253017520
253018383
253020482
253022999
253023107
253031361
253031365
253032822
253040164
253043605
253046009
253046112
250492128
250492157
250494849
250497050
250498553
250499380
250500276
250501942
250505338
250505998
256326654
256334579
256334844
256338270
256338976
256342347
256343550
256344424
256348497
256353493
256801432
256802454
256802492
256803908
256806966
256807108
256808098
256811148
256813492
256813950
256814894
256814934
256815224
256815659
256820278
256820583
256820667
257335686
257339593
257349411
257352306
251672983
251673931
251675021
251675242
251676723
251678711
251679470
251679858
251680447
251680720
251682184
251682583
251683061
251683494
251684776
251685817
251686230
251688239
251688422
251690052
251693879
251693948
251694608
251696042
251696092
251696616
256638159
256641576
256642776
256650077
256650899
256652994
252683483
252685751
252689684
252689940
252691175
252692603
252692815
252696305
252698473
252703165
252705972
252706031
252706396
252706921
252708382
252960117
252970232
252970245
252979130
257887566
257892642
257895089
257895215
257896194
257896207
257896881
257903191
257903260
257904603
257905224
257905511
257906398
257907690
252352828
252355587
252362812
252363065
252365675
252365687
252366010
252367921
252372169
252373008
252376684
252377670
252379144
252379151
252381941
255820823
255836987
255837897
255841172
250224856
250227141
250228039
250228071
250229316
250233663
250239020
255494000
255494078
255494668
255494688
255497962
255507476
255509673
255514476
255514971
255517875
255518534
255521160
258039103
258039104
258039122
258039632
258041980
255223105
255223371
255224533
255225071
255225794
255226507
255228596
255230271
255231270
255232122
255232556
255232670
255233504
255234534
255235076
255238065
255242244
255242409
255243188
255244309
255244470
255244481
255245479
255246540
255246922
255248699
255249446
255250420
255251494
255251813
249757777
249758306
249759736
249762093
249762361
249764758
249766514
249767883
249770115
249770198
249771029
249771245
249775329
250082824
250082870
250086536
250086766
250087560
250088417
250089291
250093318
250095486
250096264
250099374
250099726
257426783
257427529
257427920
257430707
257430866
257434208
257435455
257441756
257442354
257443429
257445400
254794224
254795450
254802826
254804891
254807980
254812610
254815087
254818045
254821913
256826477
256828291
256833419
256834010
256834897
256839968
256842986
256843297
256846437
251977585
251978023
251982089
251982538
251985177
251986229
251987496
251987938
251990648
251996082
251996447
251996921
252001393
252001483
252001813
250286572
250287868
250289286
250293507
250293791
250294807
250295469
250296952
250297218
250297765
250298015
250303328
256992846
256996567
256997558
256999177
257004658
257005093
257006288
257007786
257009666
257010285
257010875
257010996
257012159
257012538
251455107
251455252
251455422
251455705
251455940
251456221
251460160
251461414
251461727
251461841
251461925
251462080
251463485
251464012
251464167
251469039
251471471
251472106
251472734
251474745
251475275
251475366
251476849
251477087
251478594
253601450
253603905
253603949
253605281
253609026
253609141
253616528
253621065
253622240
253622583
253624979
253627835
253628753
253628842
249258289
249261009
249265061
249269705
249272423
249272783
255989906
255998086
255998133
256000088
256000394
256003849
256004380
256006732
256007661
256008954
256012306
256012989
256013637
256013683
256014741
252386736
252389142
252390129
252390863
252391744
252391855
252393654
252393802
252394064
252395305
252395389
252395701
252397356
252405908
252405999
252407702
252408503
252410399
252414459
255012189
255012778
255016520
255018098
255019212
255019481
255020612
255024904
255033682
255035979
255036741
255036784
255037201
249132560
249133424
249133900
249134826
249135312
249135628
249135829
249144884
249645468
249645643
249646764
249647035
249648410
249649494
253972639
253981921
253986133
253994485
253995906
253998550
249216483
249216494
249220790
249223674
257540195
257540325
257543385
257545523
257545912
257546287
257546659
257546882
257546904
257548116
257549993
257550639
257550965
257551750
257552958
257555493
257556102
257556614
257557021
257558054
257063125
257063803
257067165
257067195
257067603
257068610
257068699
257073771
257073999
257075647
257078534
257079320
257080013
249877167
249877940
249879063
249879876
249880017
249881764
249889015
249889246
249895791
249896627
255132355
255136602
255136765
255141566
255141976
255142391
255143916
255145397
255147240
255148737
255148848
255151259
255151923
255156389
255156524
255158083
255158287
255158295
255159931
255161145
257133398
257134115
257137695
257138839
257141146
257142537
257143943
257144007
257145888
257148112
257149894
257150321
249246274
249247468
249247697
249248552
249249968
249251954
249252315
249255116
257944760
257944960
257945423
257945972
257949008
257951717
257957748
249697887
249700411
249700692
249704540
249707466
249712194
249079494
249080236
249083627
249085849
249086643
249089453
249092649
250956001
250961229
250962442
250964785
250965499
250967379
250967671
250967799
250969146
250970672
250973495
250973991
250974594
250976566
250977671
250978004
249296285
257152775
257154203
257154328
257155079
257158616
257159817
257161099
257161352
257161625
257164005
257164092
257166301
257167697
257168300
257170944
257172738
249777326
249780956
249781250
249788429
249788440
249789753
249792155
249793054
249794380
255378379
255384157
255387487
255388225
255391062
255393274
255395715
255398488
255399548
255400539
255402809
255433463
255436991
255439680
255441816
255442378
255444674
255445105
255446862
255447104
255447632
255448578
255449685
255449797
255450902
255452905
255455244
255456501
255457506
253141041
253142005
253144484
253150152
253150253
253153164
253153529
253154895
253156910
253160197
253161634
253163096
253163482
253163812
253163946
253164254
253164444
253166412
257814276
257814655
257815370
257815613
257818156
257819576
257819984
257820060
257821092
257822553
257824145
257833013
257833117
257834322
256949446
256954394
256957984
256958599
256274590
256281253
256281648
256283207
256283530
256286927
256287810
256292023
256292345
256293165
256294439
256296249
257743568
257743735
257746212
257746637
257749478
257751437
257754086
257754106
257756320
257758093
257758381
257760597
257760769
257760998
257762108
257762827
257763518
249839391
249840940
249842774
249843256
249844838
249845619
249998924
250003769
250007391
250007550
250009451
250016098
250017514
254061608
254063549
254069057
254071600
254084450
254084519
254085460
254088548
254088815
253507779
253513517
253518461
253519723
253521806
253526379
253530622
253532985
253534324
253535756
256465022
256465481
256466408
256469415
256471448
256475150
256475157
256475693
256476495
256479667
256487818
256488602
256488784
256489492
253231275
253234953
253235984
253236370
253238612
253238620
253239208
253240654
253241464
253241872
253244272
253244872
253244920
253246536
253247324
253250023
253253947
253255290
253257024
253258360
253258578
253386328
253389329
253390405
253391614
253394560
253396510
253399859
253400347
253402441
253402513
253403223
253404062
253404716
253408156
253412020
253412293
255686583
255703233
255708221
255709139
255709831
255710212
255714339
255715413
255722236
255722588
255723532
254182228
254185570
254191235
254198644
254199803
254202680
254205731
254207308
254207624
252473232
252476374
252479940
252482581
252482947
252487551
252490384
252493357
252495624
252500167
252500969
249857290
249862895
249867193
254219557
254220620
254236371
254236832
254237117
254237819
254237834
254238232
254238613
254241156
253202803
253203776
253206219
253206330
253207682
253208348
253210501
253211050
253211159
253217659
253218499
253219038
253224726
253224897
253226313
253226703
253227541
253229330
257402474
257403138
257404626
257405002
257405100
257407485
257407848
257411649
257412903
257414884
257415041
257416499
257416729
257416855
257417970
257421536
257422184
257423347
253294851
253295747
253296950
253297565
253301322
253315934
253316452
253317005
253318543
253318718
253320011
248810146
248810712
248811400
248815653
248820697
248821838
248822718
252032366
252032948
252035729
252039324
252041823
252044169
252046449
252048247
252048372
252051215
252051808
252051824
252051861
252053682
252058929
252060976
250185453
250185723
250187042
250188629
250194880
250195998
250197134
250197228
257221047
257221162
257221780
257226327
257226518
257228200
257228402
257232393
257232421
257234404
257235726
257237985
257238487
257240782
257241132
250590189
250592696
252652913
252653051
252655010
252655843
252658076
252661104
252661471
252664113
252665553
252666182
252667975
252668064
252669760
252669896
252671505
252673156
252675171
252679121
252679999
256498675
256499054
256499593
256500071
256500184
256501636
256503263
256503615
256512866
256513207
256513330
256513737
256513886
256516547
256048004
256056002
256059222
256062622
256065986
256066142
256067822
256068158
256068875
256071994
256072272
256556700
256557880
256559663
256562737
256568735
256570540
256571141
256571434
254949200
254950566
254952928
254965311
254967308
254971815
254972190
254975422
254976715
249380154
249382635
249382912
249385450
249385671
249390660
249391168
249393197
249394534
249395117
249395856
251864859
251865071
251868241
251870278
251870523
251872207
251875138
251875654
251876828
251877160
251878355
251878658
251881273
251883037
251887320
251887493
251887523
251887575
251889205
251889269
251890026
251891958
250855630
250855953
250856787
250857086
250857473
250859563
250861233
250861595
250862941
250864087
250864489
250865224
250865470
250865898
250866760
250867949
250868875
250869342
250871419
250873640
250873801
250874679
250875127
250875862
250876376
257040107
257042421
257043940
257046735
257055306
257055718
257056568
257057241
250046666
250050156
250053672
250058402
250058529
250245804
250246657
250248500
250254161
250255317
250256001
250263736
254764440
254766142
254769909
254770990
254776519
254777998
254780347
254787421
254789410
254792270
254982187
254985301
254987368
254989937
254991676
254993663
254995502
254999839
255002444
255007230
255008146
255008556
257605603
257606480
257607117
257607629
257609827
257610620
257611548
257611678
257611736
257612687
257613103
257614070
257614636
257615899
257616866
257617170
257618715
257619784
257621555
257623842
257624892
249066960
256707295
256707911
256709183
256711779
256712425
256712564
256713626
256713840
256715585
256716712
256720984
256724314
256724833
256724928
256726987
251373634
251374420
251376851
251378937
251379278
251381082
251381830
251382969
251388280
251389204
251392501
251392745
251393081
251393466
251394024
251394515
251394846
251397062
251399010
251593532
251595993
251596381
251598127
251598220
251602681
251603779
251604047
251605592
251607346
251607520
251609617
251610089
251611761
251612909
251614421
251616485
251616516
251616628
251617235
251618125
251618403
257469623
257471369
257471807
257472149
257472268
257475756
257476202
257481954
257483622
257485286
257488713
254547899
254548449
254555573
254557040
254560802
254561953
254567019
254569189
254573209
254575044
254575080
254575190
254576085
252442172
252443950
252445385
252445595
252448565
252450886
252451230
252453080
252459143
252460803
252461153
252461276
252463303
252467469
252468040
252468673
249229164
249229647
249229868
249236741
249237770
249242397
257177136
257177150
257178667
257183343
257183383
257184665
257185513
257186535
257188035
257193553
257193979
257194831
255846153
255854210
255855142
255855198
255856998
255859536
255860561
255872669
255641191
255641981
255643160
255644921
255645591
255648024
255649341
255650835
255653505
255658826
255661940
255664558
255665603
250681599
250681656
250682421
250683845
250685195
250685426
250685479
250686392
250687094
250687412
250687689
250689179
250690113
250691922
250692060
250692170
250692263
250693631
250693848
250695069
250695662
250696433
250696644
250697183
250699807
250701580
250702144
250702538
250702647
250703582
250704939
250059780
250061835
250062047
250064169
250065496
250065700
250066445
250066608
250068117
250069347
250070649
250070663
250071847
250073492
250074182
250074547
250075219
250075358
250075683
250078234
250078572
254424873
254426450
254429047
254429647
254430996
254432022
254439705
254440555
254442633
254445129
254446940
254447231
253447389
253453414
253457468
253458203
253462071
253465046
253465810
253467873
253470279
253470941
253476362
253477853
251921831
251922613
251926398
251926828
251929133
251929715
251929893
251930540
251930572
251931476
251932321
251933109
251934041
251934118
251938870
251939605
251942758
251942835
251943124
251943291
251944627
251948710
251948724
258057011
258057235
258065070
258066980
258071378
258071702
256897860
256899833
256900004
256904091
256905216
256906548
256906719
256910364
256912175
256912850
256916891
256917379
256917947
256301209
256303812
256305346
256308668
256310447
256312564
256319221
256326142
255102316
255102502
255106021
255109223
255111296
255112266
255113721
255114697
255115566
255117603
255117925
255119066
255123842
255125273
255125360
255126220
255126347
255127678
255127826
255128196
253108646
253109377
253109424
253117524
253118489
253119412
253119820
253121494
253122734
253124368
253126918
253127285
253128171
253128269
253128495
253129039
253130984
253132406
253132714
253132899
253134614
253135409
253135851
257290654
257292652
257295963
257299388
257300655
257302075
257302817
257303398
257307887
252097832
252099043
252101388
252101781
252107062
252107834
252116172
252118878
252119180
249015836
249017573
249017860
249018307
249019593
249023547
249026102
249029007
254129691
254134846
254135220
254140104
254145528
254148955
257930554
257934715
257935704
257936481
257940598
257940607
257941779
252266147
252266813
252273203
252276147
252278594
252279594
252280378
252281033
252281825
252282179
252284443
252285951
252286554
252287965
252289494
252289910
252290482
252291514
253785953
253788159
253791073
253802149
251950575
251950600
251952397
251955406
251956228
251957006
251957822
251960580
251962226
251965555
251966227
251966248
251967259
251967712
251970570
251971014
251971674
251972680
251973750
251975922
254154171
254154698
254154924
254157803
254164750
254173296
254174710
254177355
254177999
254178328
254180142
254180218
250143766
250147064
250152762
250153746
250153931
250156666
250158925
250160691
255404550
255404576
255407329
255409471
255411591
255411646
255411690
255412275
255417473
255420772
255421006
255421828
255422611
255423093
255424322
255426708
255431936
250731158
250734205
250734483
250736936
250737018
250737240
250737870
250738863
250741570
250742281
250746576
250751143
250751233
250751362
250751429
250752494
250753281
250753980
254732008
254733650
254734927
254737005
254742705
254744780
254747689
254748006
254758954
254759961
254760621
249568927
249570544
249575001
249576815
249577323
249577620
249578293
249441132
249546235
249546416
249556691
249560543
249561922
249562014
249562603
257863673
257866281
257868766
257870159
257870941
257873956
257879157
257881121
257881183
257883597
251319721
251320095
251323190
251323344
251325123
251325481
251326876
251329148
251329385
251330276
251333602
251333972
251334016
251334725
251335358
251336939
251337324
251337732
251338362
251340319
251340880
251341318
251343425
251343864
251344697
249716922
249719296
249720440
249724604
249730205
249732272
250705627
250705942
250706300
250706822
250709095
250709498
250711434
250712229
250714505
250714791
250715625
250719494
250720051
250720704
250720917
250721927
250723032
250723145
250723294
250723924
250723969
250724033
250726205
257381359
257386169
257389116
257389564
257391191
257391233
257393035
257397414
257397519
251107030
251109716
251109725
251109977
251112094
251113820
251114821
251114911
251115749
251115924
251117557
251118136
251118266
251119464
251119649
251120569
251123802
251125066
251129675
251130416
249162881
249165957
249168066
249168399
249172006
249177815
249178572
250979627
250981335
250981893
250983649
250986169
250986348
250986681
250987479
250988394
250990303
250992459
250999978
251000149
251000860
251002641
251002997
251005066
251005544
250835082
250836299
250836569
250836678
250837846
250841535
250843803
250844485
250846267
250847747
250848757
250848930
250850195
250850408
250851040
250851717
250851888
256684594
256686837
256687383
256687716
256687736
256688501
256688843
256689204
256695424
256695837
256698671
256699080
256699988
256700443
256701984
257789558
257792258
257796602
257801618
257802342
257806628
257807720
257808682
257810435
257810568
250474248
250476224
250476291
250485477
250490343
250490356
256607141
256610504
256610849
256612049
256612175
256612330
256615670
256615984
256617056
256617315
256617748
256618007
256620132
256621009
256622504
256625071
256627567
250023462
250027828
250027857
250029469
250030204
250030949
250034058
250035644
250036017
252007876
252008675
252009428
252009619
252011678
252011950
252012890
252012899
252014889
252015111
252016547
252017670
252019479
252021209
252021586
252022861
252024411
252025315
252026286
252029084
252031607
252032148
253877962
253878847
253895872
252835638
252836139
252836325
252839037
252839860
252843946
252844045
252844481
252844616
252845612
252846904
252848493
252851668
252852317
252852584
252853205
252853275
252857656
252857992
252859835
252862408
257021829
257021838
257021869
257022269
257022931
257024175
257024296
257032326
257032890
257033925
257033970
257034919
254034120
254036459
254045545
254047571
252506874
252507353
252508619
252509117
252509337
252510539
252512005
252512360
252513589
252515147
252516920
252522478
252525406
252525728
252527447
252527834
252529095
252529207
256757548
256759632
256760462
256760625
256761306
256762967
256764022
256768119
256769482
256771818
256773344
256774409
256775577
256775811
256776597
256777272
257561271
257561934
257562118
257563731
257564565
257564783
257566007
257566078
257567865
257568438
257570546
257572252
257573383
257575388
257576165
257576531
257580109
257581013
257581469
257581952
257583444
251187157
251187531
251187784
251192748
251195763
251196590
251199214
251199702
251203207
251203495
251203800
251204162
251205390
251205774
251206620
251208215
251210317
251211098
251211882
251213170
256520269
256520724
256522784
256525515
256526115
256527569
256529275
256530297
256532092
256534587
256535671
256538448
256542406
256542993
256543117
249050306
249055174
249056040
249057106
249060091
249061700
249062483
250928132
250928335
250929573
250931526
250935536
250935761
250937620
250940850
250941368
250944583
250947713
250947969
250950006
250950600
250951143
250951295
250951645
250951853
250952131
254518455
254521407
254524844
254525866
254527093
254527560
254537798
254540455
254540958
254541843
254545240
256191173
256191236
256191632
256196316
256196875
256197161
256197472
256197911
256206251
256207530
256208045
256208394
256209365
257651646
257651800
257652166
257652211
257652594
257653861
257654070
257656883
257657855
257659169
257659460
257661552
257664447
257666040
257667360
257667739
257668280
257669208
256411388
256414991
256415257
256416231
256417633
256418155
256420397
256423332
256427597
256429018
256429156
256430184
256432489
256433047
249601259
249602694
249605295
249614325
249615356
249618781
249620059
252541661
252542167
252542799
252548050
252548132
252548510
252550466
252554562
252556990
252557741
252559664
253756884
253757424
253759954
253763194
253763715
253769737
253771877
253778014
253783066
257918331
257921174
257921253
257925432
257927239
248769811
248774967
248775749
248777975
248778874
248779615
248780689
248782797
248783994
248787158
251754610
251755554
251757521
251760565
251761459
251762061
251762714
251765004
251766471
251767693
251768730
251768784
251769436
251769871
251770195
251770220
251770766
251770941
251772402
251773651
251775631
251777471
251777587
251778383
251779944
255766549
255784177
255787155
255787733
249147106
249150274
249150431
249159180
249582472
249586706
249588059
249588293
249590019
249591104
249593549
249595531
249595670
257446854
257446969
257447639
257448285
257449785
257452889
257455749
257458747
257459345
257460770
257462323
257462415
257463477
257466302
250452514
250453288
250454156
250456065
249473453
249474623
249476966
253817269
253829238
253831603
255314008
255314510
255314899
255314981
255316865
255318045
255319682
255320423
255321763
255321785
255323411
255324830
255325070
255325552
255326193
255329825
255333287
255336266
255340420
255341259
255341346
255342039
253917675
253931940
253934954
251537256
251543305
251543341
251544083
251544203
251547953
251548130
251550084
251551048
251551766
251552625
251553507
251554242
251554696
251554791
251555152
251555978
251556135
251556959
251557386
251557397
251558972
251561596
251561870
250607518
250608732
250610639
250610869
250613095
250614004
250614802
250615422
250617491
250619259
250619382
250620346
250621230
250622236
250623079
250625672
250627682
250628908
250631596
250631779
248833245
248838915
248839290
248839753
248844939
248846578
248847804
255669741
255670093
255670196
255672327
255674224
255678373
255682118
255682120
255682307
255684829
255685568
255685651
255690616
255693076
255697848
253080019
253081173
253085740
253086886
253087627
253089419
253092276
253094112
253096280
253097476
253099636
253100698
253102406
253104439
253104490
253104664
253105122
253105555
253106245
252925369
252941891
252942898
252948545
252949476
252950205
249449384
249449394
249451230
249463143
249463267
249466804
248996130
249009324
248849496
248852346
248854699
248859632
248859721
248861291
248861391
248863622
255553365
255568994
253858518
253865461
253872117
253873221
253874883
251082341
251082418
251084780
251085063
251086441
251087406
251091823
251092054
251092562
251093406
251094183
251095811
251101949
251102153
251102522
251103320
251103762
258011292
258012614
258013259
258016931
258018849
258019275
258019386
258019649
258020092
258020159
258021724
258022756
258023446
258027746
258029492
258029668
258030039
250537222
250537253
250539827
250542439
250546579
250553032
251030721
251031169
251032683
251032803
251035172
251037149
251040486
251046886
251047887
251049105
251050879
251051564
251052511
251053189
251057438
251061462
251061833
251061849
251062333
251062879
251064383
251064717
251064801
251066292
251066941
251068053
251069278
251070277
251071198
251074915
251077939
250267319
250270715
250271610
250271956
250275564
250280819
249419409
249427343
249430023
249430884
256358171
256359615
256359795
256360000
256361962
256367629
256370760
256371967
256372979
256380905
253693263
253693795
253694795
253699046
253703778
253705269
253706666
253708532
253708600
253709796
253714905
253716191
253716651
253720168
253720380
257765792
257766576
257769185
257772495
257775685
257779338
257780517
257780864
257782895
257786298
257787346
249679911
249680914
249682086
249693322
257087776
257088229
257089335
257089523
257092170
257093924
257095295
257097391
257101718
257101810
257102362
257103628
257105634
257106841
257107024
257107610
257107692
249919209
249919738
249921127
249924288
249927153
249927296
249928225
249930699
249935870
249620948
249622367
249624213
249624373
249627981
249631476
249632042
249633274
249634166
249635413
249638164
249639012
254307546
254308129
254309078
254311306
254313537
254315045
254319649
254323922
254326000
254330577
254332007
254332802
254333836
250755967
250757821
250759430
250759517
250762209
250763139
250763734
250763851
250764172
250765234
250765807
250765965
250766675
250767702
250767829
250768183
250769323
250769556
250770719
250771580
250771850
250771881
250775268
250777763
250777975
251006625
251006648
251009452
251009989
251010168
251010997
251011589
251011668
251012244
251013609
251013616
251013959
251014181
251014603
251015288
251019269
251019517
251020257
251021746
251024256
251025311
251028538
251028723
252121425
252122214
252122350
252124304
252125808
252125830
252127973
252132869
252133673
252135424
252136187
252136295
252136355
252145507
252146743
252148316
256922467
256923447
256924628
256927258
256928117
256928722
256929102
256930406
256931482
256932393
256935450
256941294
256942024
256942587
256944299
256944501
253629367
253633744
253634264
253634854
253635577
253635855
253636078
253638158
253642958
253643044
253643077
253647045
253648938
253649655
253650419
253653482
253654395
253657929
256732045
256732358
256733391
256734772
256735566
256736584
256737786
256739172
256742479
256743309
256743818
256746424
256747751
256748765
256748987
256751291
256751873
254608515
254616823
254619390
254624239
254626525
254627454
254627481
254628816
254630873
254631082
254636860
254638187
256576774
256582732
256582831
256584212
256586008
256586173
256587509
256590194
256594017
256594606
256597342
256602705
256603130
256604049
250521369
250522507
250524251
250525447
250526806
250528896
250530114
250530358
250530836
250533073
250533564
255345058
255346506
255347388
255348417
255349712
255350589
255352391
255353977
255356858
255361115
255362805
255364024
255365564
255365717
255366754
255367316
255369087
255369276
255369751
255370458
255372754
255373879
251268323
251269378
251269462
251270106
251272069
251273128
251273201
251273946
251276877
251277102
251278093
251278759
251279781
251280006
251280712
251281449
251283007
251283836
251286055
251286348
251290209
251290584
251290621
251290676
251291197
255583184
255586084
255590196
255590506
255594312
255595182
255602058
255602205
255603804
255604059
255604309
255604584
255609899
255612299
255613476
253537012
253538592
253542307
253542524
253543205
253544747
253556762
253559037
253562605
253563097
253566318
253567393
250562077
250566009
250566165
250572093
248962866
248962907
248963176
255072890
255073511
255079830
255080973
255082096
255084014
255086355
255087070
255087097
255089573
255089623
255089979
255094508
255094620
255095469
255095532
255096913
257198758
257203821
257204354
257205461
257207840
257209391
257210125
257211743
257215016
257215568
257216189
257217280
252994658
253006463
253009206
250371852
250372734
250375686
250381113
250381383
250381669
250383019
250385012
250386817
250391894
250392953
250393663
257244959
257247634
257249171
257250389
257250599
257252623
257257640
257258297
257258789
257260747
257262917
257265163
257265991
249969845
249973089
249974218
249978078
249511661
249513158
249513545
249517509
249517536
249518204
249524303
249524329
257971832
257972209
257972542
257973272
257973702
257974232
257974651
257976552
257977674
257978688
257982355
257982726
257983838
254364959
254368861
254374508
254375690
254377544
254377906
254378584
254380154
254382661
254382866
254385535
254385610
254387344
254391787
249343747
249348300
249350013
256852783
256853735
256854111
256855099
256857448
256857953
256858454
256859671
256861881
256863808
256869260
256870335
256870621
256871153
257719247
257720494
257722110
257724711
257728278
257730921
257738129
257740946
257741084
257587407
257593441
257599189
257600163
257602720
257603286
252895208
252904198
252906663
252907712
252908796
252909955
252910633
252910701
252911306
252911628
252917082
252917286
252917596
252919699
252920233
255616185
255617267
255619088
255619286
255620277
255625514
255626067
255626572
255626694
255628550
255633636
255636895
254395212
254400322
254402260
254405255
254407561
254409086
254409174
254409846
254412060
254413729
254419302
254419538
254419958
254420517
254420855
254423556
254423971
254337638
254340544
254341392
254345958
254349439
254351031
254351721
254355582
254355935
254356659
254363160
253480312
253480340
253481970
253482932
253483104
253488071
253493110
253495639
253498815
253500415
253500668
253501146
253505532
249312307
249313679
249317993
249318803
256159677
256162768
256165503
256165892
256166139
256166922
256170569
256170692
256170900
256174067
256177418
256181046
256181459
256182281
256183919
256185231
254282695
254282759
254284221
254284252
254296806
254297067
254297554
254297558
254299046
254299082
254299273
251214786
251216485
251216502
251218790
251220305
251223104
251224283
251225424
251228978
251229638
251232287
251233975
251234849
251236689
251237732
251237904
251239754
251240335
251240747
251241464
250397512
250398853
250398898
250399087
250399626
250400254
250401721
250406388
250407652
250410846
250411626
250413140
250415825
254249466
254253665
254254078
254260959
254266289
254266494
254266980
254267666
254268770
254268886
254268893
254269936
254270683
255462154
255463768
255466086
255466926
255470119
255472234
255473603
255476128
255478177
255478555
255481651
255485275
255486369
255488346
255488431
255488782
255489727
255490919
255883993
255884097
255886579
255888695
255888771
255890821
255891658
255891939
255892714
255893177
255893207
255896780
255900970
255901009
255903337
256243358
256244981
256246562
256247298
256248351
256256793
256256826
256262445
256262966
256268805
256269408
252324382
252326900
252327641
252328064
252330475
252330810
252332632
252333434
252334212
252336015
252336254
252337786
252339446
252341929
252343329
252346190
252349017
252349776
252349908
255195155
255197312
255198713
255199725
255199726
255201101
255201998
255202605
255202646
255203262
255204184
255205022
255205140
255206170
255208947
255213747
255214996
255215941
255216535
255217124
255217936
255220241
255222049
248889739
248891765
248892489
248896375
248897025
248897812
248899075
248900662
248902093
248904727
252294493
252296199
252296266
252296851
252297010
252297176
252298589
252303424
252306093
252306454
252308359
252314169
252318568
252321176
252322226
250658772
250659648
250659758
250660183
250660534
250660932
250663161
250665291
250666150
250666439
250667635
250668473
250669921
250669986
250670728
250675869
250677137
250678349
250678887
250680929
257114003
257115426
257116673
257116874
257121693
257124226
250105874
250108631
250111105
250114284
250117420
256019548
256021726
256023754
256024862
256025401
256026443
256030659
256031702
256038221
256039963
253324531
253329856
253331520
253332638
253333472
253334499
253335766
253339142
253339519
253340171
253343847
253347674
253349197
253349669
253350902
253353047
254457165
254458949
254463002
254464524
254466001
254467850
254468299
254472050
254478429
249278824
249283954
249284319
249287685
249291296
252236865
252237953
252242528
252243215
252245024
252248586
252249135
252249202
252251961
252252877
252257247
252258880
252260409
252261505
252262048
252262113
252263211
252264110
248869391
248872644
248873500
248874702
248876029
248879154
248879984
248881253
248882454
248883754
248884751
248886112
248887853
248888756
251508955
251509390
251509956
251510650
251513503
251514403
251514994
251516679
251518485
251520941
251527277
251527279
251528142
251529650
251531119
251531233
251533898
251534796
257698064
257700245
257703821
257703988
257704781
257705549
257705702
257705978
257707840
257708174
257708404
257709682
257713221
257714513
257715296
257715833
250203017
250204049
250204674
250207286
250209950
250212641
250218822
252061726
252062308
252062332
252066560
252069804
252073047
252073739
252074021
252074187
252074676
252077361
252081042
252081601
252087561
252089603
252090755
252090839
254708567
254710187
254713251
254717852
254721930
254726640
249939282
249940500
249941634
249943246
249947378
249958744
250903012
250903359
250904663
250906348
250909676
250910590
250912613
250914541
250914913
250916469
250917590
250919301
250920512
250923949
250924403
251621029
251621114
251622651
251623184
251625416
251626881
251627441
251627968
251628608
251629127
251629791
251630026
251630630
251632646
251635589
251635894
251635931
251637247
251637474
251639508
251641615
251643797
252210020
252210122
252210196
252213284
252217514
252219681
252220204
252222865
252223934
252224671
252225252
252229574
252233620
252233860
252236153
254093023
254100669
254104758
254105964
254110161
254113200
254118136
254119559
254120566
256972895
256975060
256975530
256980347
256984875
256985085
256985655
256986163
256987612
256987898
249402283
249404009
249405020
249406704
249411226
256110179
256110521
256110886
256111893
256114028
256115731
256117164
256120459
256121438
256123382
256123698
256124465
256124849
256124958
256126145
256217483
256221325
256221942
256222203
256222702
256228933
256234106
256239018
256239648
256240155
256241171
250780250
250780882
250780987
250781355
250781950
250786323
250787626
250788345
250790428
250790622
250791545
250792657
250793208
250794690
250795355
250795908
250798377
250798425
250798936
250800296
250801255
250802519
250803671
250805534
252774812
252779652
252781235
252781727
252781988
252783075
252783315
252783643
252784056
252784905
252790603
252791049
252799784
252802167
253724023
253727975
253733622
253733808
253739334
253746950
253747978
253748710
253751516
253751822
252805145
252806775
252807192
252807304
252810630
252811054
252814018
252814073
252814109
252817123
252817947
252824900
252827140
252828481
252828640
252830753
252831677
252831699
252833026
254824049
254828516
254829318
254834780
254835333
254847343
254850141
254852745
251402890
251403992
251407375
251409588
251412369
251412940
251413495
251413682
251414138
251416378
251417338
251419477
251419535
251420589
251422840
251423283
251424149
251425853
251427036
251427925
255041740
255043531
255045476
255047390
255048953
255050849
255052782
255056591
255060919
255063751
255064116
255066042
251294509
251295112
251297064
251298048
251299617
251300170
251300276
251301855
251302123
251303993
251305400
251306027
251307869
251309750
251311044
251311558
251313773
251313865
251315315
252417082
252419920
252420344
252420716
252423990
252424730
252425069
252426113
252428773
252429886
252433657
252436927
252437694
252439481
252440087
252441968
248950834
248954372
248954990
248956924
248958968
248959395
248959900
252151308
252155952
252157002
252157604
252159641
252162227
252164445
252166624
252167027
252167258
252168507
252168765
252170135
252175837
252176771
252177570
252178244
254920635
254927415
254927592
254928266
254942414
254944407
250306931
250309370
250314291
250314761
250317018
250317258
250322852
250324113
250325250
248788623
248797082
248798137
248805347
248805647
248806105
248808068
248808886
250358324
250360054
250361287
250363174
250368034
250368377
257628737
257630507
257635199
257636080
257637757
257638219
257639361
257640248
257641659
257643696
257644019
257645277
257646285
257646674
257646777
257647440
251346971
251348022
251349144
251349355
251352598
251354641
251356361
251357616
251360623
251361096
251362183
251365838
251366143
251366259
251368019
251368297
251369364
251725895
251726257
251726874
251727183
251729800
251730857
251731961
251732140
251733933
251735126
251736384
251736462
251736906
251737129
251738239
251740347
251741635
251741745
251743779
251744549
251745514
251745889
251751070
251752488
253568063
253568314
253569156
253570194
253570685
253573476
253579189
253579430
253580056
253583256
253585557
253587478
253594632
253598114
254580278
254584654
254584734
254585542
254587652
254591557
254593941
254594828
254597684
254600642
254603261
254603696
254604291
254604365
254605131
254605424
255285875
255286604
255287680
255291287
255291674
255292957
255293045
255298166
255308330
255308635
255309478
255309892
255311021
255311486
255312784
252866520
252870587
252871088
252878931
252879519
252879875
252883387
252887348
252887519
252887828
252888140
252888295
252888631
252890080
250808939
250809658
250810508
250812043
250813684
250814186
250814647
250815541
250817354
250817680
250818779
250820497
250822199
250825958
250827058
250827459
250827587
250827628
250828035
250828063
250829767
249900912
249902206
249903729
249906182
249908619
249909002
249910855
249911214
249912877
249913714
249915867
249916295
249916479
250419111
250420360
250420934
250425774
250432588
250439185
256131595
256133452
256134857
256138372
256139942
256142045
256145330
256145614
256147484
256152214
256152575
256152990
256153530
256874798
256878045
256882260
256882284
256883059
256883431
256886400
256892052
256893040
249100753
249101210
249107525
249110363
249112056
257673715
257673901
257675594
257676192
257678685
257680188
257680792
257680925
257682259
257682663
257683080
257684812
257685100
257690395
257691433
252716741
252718139
252719962
252720683
252721778
252721811
252722136
252722645
252725307
252728415
252729338
252735234
252736336
252737626
252737697
252738231
252738661
252740535
250329691
250337872
250341243
250343163
250343902
250346371
250346904
252625787
252626461
252627795
252628345
252628729
252632181
252633104
252633222
252634510
252635809
252640117
252641308
252643466
252644535
252646372
252649808
250880495
250880732
250881310
250881663
250881898
250882440
250882786
250884644
250885896
250886671
250887334
250887739
250887764
250890192
250890719
250890820
250890934
250893446
250894718
250896145
250898775
250898804
250899057
250900829
250901192
250901286
250901574
250902118
255818022
248907705
248907890
248908905
248909512
248909912
248917427
248922520
248922562
248922746
248925124
248927402
251563825
251564499
251565734
251568169
251568723
251570031
251570399
251571687
251572336
251574221
251574252
251579667
251579763
251580181
251582035
251582425
251583774
251586718
251587221
251588093
251588547
251590547
255907490
255911265
255912324
255913205
255916231
255925449
255925729
255926056
255926926
255927684
255929719
255930658
255939110
255939434
255941529
255949820
255952010
255952245
255953012
255954473
256436726
256438690
256439486
256441678
256441891
256442975
256449480
256450296
256451997
256454913
256456206
256456969
256457565
256460099
256461361
253267121
253268057
253269152
253270399
253272945
253274671
253275202
253275440
253277409
253278631
253280270
253281270
253281505
253287988
253288418
253289335
253289854
253289992
253290023
253290425
253290650
253291102
253291151
251783130
251783875
251784501
251785878
251787346
251789180
251799862
251800452
251801038
251801839
251807048
251807346
251808141
251808305
251809511
251810811
254002358
254005896
254009347
254022374
254026389
